{
	"asset": {
		"generator": "SOLIDWORKSGLTF",
		"version" : "2.0"
	},
"extensionsUsed": [ "KHR_lights_punctual", "Solidworks_custom_properties", "KHR_draco_mesh_compression"],
"extensionsRequired": [ "KHR_draco_mesh_compression" ],
	"scene" : 0,
	"scenes": [
		{
			"name": "Default - Display State-1",
			"nodes": [
				0, 11, 60, 61, 62]
		}
	],
	"nodes": [
		{
			"matrix": [
				-0.761528,					0.0170601,					0.647907,					0,
				0.117512,					0.98672,					0.112138,					0,
				-0.63739,					0.161533,					-0.75342,					0,
				-4.25108,					1.41191,					-5.28382,					1
			]
			,"camera": 0
			,"name": "current"		}
,
		{
			"matrix": [
				-1,					0,					0,					0,
				0,					1,					0,					0,
				0,					0,					-1,					0,
				0.403051,					0.24267,					-6.98641,					1
			]
			,"camera": 1
			,"name": "*Normal To"		}
,
		{
			"matrix": [
				1,					0,					0,					0,
				0,					1,					0,					0,
				0,					0,					1,					0,
				0,					0,					7.27,					1
			]
			,"camera": 2
			,"name": "*Front"		}
,
		{
			"matrix": [
				-1,					0,					0,					0,
				0,					1,					0,					0,
				0,					0,					-1,					0,
				0,					0,					-7.27,					1
			]
			,"camera": 3
			,"name": "*Back"		}
,
		{
			"matrix": [
				0,					0,					1,					0,
				0,					1,					0,					0,
				-1,					0,					0,					0,
				-7.27,					0,					0,					1
			]
			,"camera": 4
			,"name": "*Left"		}
,
		{
			"matrix": [
				0,					0,					-1,					0,
				0,					1,					0,					0,
				1,					0,					0,					0,
				7.27,					0,					0,					1
			]
			,"camera": 5
			,"name": "*Right"		}
,
		{
			"matrix": [
				1,					0,					0,					0,
				0,					0,					-1,					0,
				0,					1,					0,					0,
				0,					7.27,					0,					1
			]
			,"camera": 6
			,"name": "*Top"		}
,
		{
			"matrix": [
				1,					0,					0,					0,
				0,					0,					1,					0,
				0,					-1,					0,					0,
				0,					-7.27,					0,					1
			]
			,"camera": 7
			,"name": "*Bottom"		}
,
		{
			"matrix": [
				0.707107,					0,					-0.707107,					0,
				-0.408204,					0.816541,					-0.408204,					0,
				0.577382,					0.577288,					0.577382,					0,
				4.19756,					4.19688,					4.19756,					1
			]
			,"camera": 8
			,"name": "*Isometric"		}
,
		{
			"matrix": [
				0.884418,					0,					-0.466695,					0,
				-0.240366,					0.857167,					-0.455509,					0,
				0.400036,					0.515038,					0.758094,					0,
				2.90826,					3.74433,					5.51135,					1
			]
			,"camera": 9
			,"name": "*Trimetric"		}
,
		{
			"matrix": [
				0.935414,					0,					-0.353553,					0,
				-0.117851,					0.942809,					-0.311805,					0,
				0.333333,					0.333333,					0.881917,					0,
				2.42333,					2.42333,					6.41154,					1
			]
			,"camera": 10
			,"name": "*Dimetric"		}
,
		{
			"children": [
				12, 13, 14, 15, 42, 43, 44, 45, 46, 47, 48, 49, 50, 51, 52, 53, 54, 55, 56, 57, 58, 59
			]
			,"name": "Main Assembly"		}
,
		{
			"matrix": [
				0.172955,					0.98493,					-3.61146e-16,					0,
				1.01173e-16,					3.48905e-16,					1,					0,
				0.98493,					-0.172955,					-3.93033e-17,					0,
				0.22091,					0.392988,					0.0699153,					1
			]
			,"mesh": 0
			,"name": "Pin-2"		}
,
		{
			"matrix": [
				0.926951,					0.257319,					0.273038,					0,
				-0.263089,					-0.0730328,					0.962003,					0,
				0.267483,					-0.963563,					-9.02056e-16,					0,
				0.247444,					0.0708473,					0.164915,					1
			]
			,"mesh": 1
			,"name": "hexagon nut_is-1"		}
,
		{
			"matrix": [
				1,					0,					0,					0,
				0,					1,					0,					0,
				0,					0,					1,					0,
				0.22091,					0.126719,					0.0349153,					1
			]
			,"mesh": 2
			,"name": "Engine Body-1"		}
,
		{
			"children": [
				16, 17, 18, 19, 20, 21, 22, 23, 24, 25, 26, 27, 28, 29, 30, 31, 32, 33, 34, 35, 36, 37, 38, 39, 40, 41
			]
			,"matrix": [
				-0.550812,					0.834629,					-2.04422e-16,					0,
				4.58979e-20,					-2.44895e-16,					-1,					0,
				-0.834629,					-0.550812,					1.34853e-16,					0,
				0.371416,					0.0458442,					0.00557826,					1
			]
			,"name": "Assembly 2-1"		}
,
		{
			"matrix": [
				-0.707107,					3.29288e-29,					-0.707107,					0,
				-1.85382e-29,					1,					-2.80046e-29,					0,
				0.707107,					6.70532e-30,					-0.707107,					0,
				0.194908,					0.068217,					0.139269,					1
			]
			,"mesh": 3
			,"name": "Wsher-4"		}
,
		{
			"matrix": [
				0.707107,					6.65601e-30,					-0.707107,					0,
				-2.79779e-29,					1,					-1.85649e-29,					0,
				0.707107,					3.29107e-29,					0.707107,					0,
				0.092201,					0.068217,					0.125577,					1
			]
			,"mesh": 4
			,"name": "Wsher-2"		}
,
		{
			"matrix": [
				-3.4972e-15,					2.79799e-29,					-1,					0,
				-1.85382e-29,					1,					2.79799e-29,					0,
				1,					1.85382e-29,					-3.4972e-15,					0,
				0.140719,					0.068217,					0.153694,					1
			]
			,"mesh": 5
			,"name": "Wsher-3"		}
,
		{
			"matrix": [
				-1,					1.85382e-29,					6.93889e-15,					0,
				1.85382e-29,					1,					-2.80046e-29,					0,
				-6.93889e-15,					-2.80046e-29,					-1,					0,
				0.223026,					0.068217,					0.090751,					1
			]
			,"mesh": 6
			,"name": "Wsher-5"		}
,
		{
			"matrix": [
				-0.707107,					-6.70532e-30,					0.707107,					0,
				-1.85382e-29,					1,					-2.80046e-29,					0,
				-0.707107,					3.29165e-29,					-0.707107,					0,
				0.2086,					0.068217,					0.0365616,					1
			]
			,"mesh": 7
			,"name": "Wsher-6"		}
,
		{
			"matrix": [
				1.05471e-14,					-2.80046e-29,					1,					0,
				-1.85382e-29,					1,					-2.80046e-29,					0,
				-1,					1.85382e-29,					1.04916e-14,					0,
				0.160082,					0.068217,					0.00844423,					1
			]
			,"mesh": 8
			,"name": "Wsher-7"		}
,
		{
			"matrix": [
				0.707107,					-3.29288e-29,					0.707107,					0,
				2.80173e-29,					1,					1.8551e-29,					0,
				-0.707107,					6.69371e-30,					0.707107,					0,
				0.105893,					0.068217,					0.0228696,					1
			]
			,"mesh": 9
			,"name": "Wsher-8"		}
,
		{
			"matrix": [
				1,					0,					0,					0,
				0,					1,					0,					0,
				0,					0,					1,					0,
				0.150401,					0.078663,					0.0810692,					1
			]
			,"mesh": 10
			,"name": "Cover Plate-1"		}
,
		{
			"matrix": [
				-1.22465e-16,					-1,					2.80539e-29,					0,
				0.550861,					-6.74611e-17,					-0.834597,					0,
				0.834597,					-1.02209e-16,					0.550861,					0,
				0.0113113,					0.0535332,					0.0924749,					1
			]
			,"mesh": 11
			,"name": "Hex Bolt-1"		}
,
		{
			"matrix": [
				0.707107,					-3.29103e-29,					0.707107,					0,
				0.707107,					6.70532e-30,					-0.707107,					0,
				-1.85382e-29,					1,					-2.80046e-29,					0,
				0.150401,					0.057663,					0.0810692,					1
			]
			,"mesh": 12
			,"name": "Shaft-1"		}
,
		{
			"matrix": [
				1,					0,					0,					0,
				0,					1,					0,					0,
				0,					0,					1,					0,
				0.0777757,					0.068217,					0.0713875,					1
			]
			,"mesh": 13
			,"name": "Wsher-1"		}
,
		{
			"matrix": [
				1,					-1.85382e-29,					5.55112e-17,					0,
				5.55112e-17,					-2.80046e-29,					1,					0,
				1.85382e-29,					-1,					2.80046e-29,					0,
				0.0304007,					0.048163,					0.0810692,					1
			]
			,"mesh": 14
			,"name": "hexagon nut_is-1"		}
,
		{
			"matrix": [
				-0.707107,					-6.70532e-30,					0.707107,					0,
				-0.707107,					3.29165e-29,					-0.707107,					0,
				1.85382e-29,					-1,					2.80046e-29,					0,
				0.235254,					0.048163,					-0.00378359,					1
			]
			,"mesh": 15
			,"name": "hexagon nut_is-6"		}
,
		{
			"matrix": [
				0.707107,					6.65601e-30,					-0.707107,					0,
				0.707107,					-3.2898e-29,					0.707107,					0,
				-1.85559e-29,					-1,					-2.79689e-29,					0,
				0.0655479,					0.048163,					0.165922,					1
			]
			,"mesh": 16
			,"name": "hexagon nut_is-2"		}
,
		{
			"matrix": [
				-1,					1.85382e-29,					6.93889e-15,					0,
				-6.93889e-15,					2.79799e-29,					-1,					0,
				-1.85382e-29,					-1,					-2.79799e-29,					0,
				0.270401,					0.048163,					0.0810692,					1
			]
			,"mesh": 17
			,"name": "hexagon nut_is-5"		}
,
		{
			"matrix": [
				1.05471e-14,					-2.80046e-29,					1,					0,
				-1,					1.85382e-29,					1.04916e-14,					0,
				1.85382e-29,					-1,					2.80046e-29,					0,
				0.150401,					0.048163,					-0.0389308,					1
			]
			,"mesh": 18
			,"name": "hexagon nut_is-7"		}
,
		{
			"matrix": [
				-0.707107,					3.29288e-29,					-0.707107,					0,
				0.707107,					6.70532e-30,					-0.707107,					0,
				1.85382e-29,					-1,					2.80046e-29,					0,
				0.235254,					0.048163,					0.165922,					1
			]
			,"mesh": 19
			,"name": "hexagon nut_is-4"		}
,
		{
			"matrix": [
				-3.4972e-15,					2.79799e-29,					-1,					0,
				1,					-1.85136e-29,					-3.4972e-15,					0,
				-1.85136e-29,					-1,					-2.79799e-29,					0,
				0.150401,					0.048163,					0.201069,					1
			]
			,"mesh": 20
			,"name": "hexagon nut_is-3"		}
,
		{
			"matrix": [
				0.707107,					-3.29288e-29,					0.707107,					0,
				-0.707107,					-6.70532e-30,					0.707107,					0,
				-1.85428e-29,					-1,					-2.80255e-29,					0,
				0.0655479,					0.048163,					-0.00378359,					1
			]
			,"mesh": 21
			,"name": "hexagon nut_is-8"		}
,
		{
			"matrix": [
				-8.65956e-17,					-1,					8.65956e-17,					0,
				-0.200631,					-6.74611e-17,					-0.979667,					0,
				0.979667,					-1.02209e-16,					-0.200631,					0,
				0.0601147,					0.0535332,					0.187485,					1
			]
			,"mesh": 22
			,"name": "Hex Bolt-2"		}
,
		{
			"matrix": [
				8.65956e-17,					-1,					8.65956e-17,					0,
				-0.979667,					-6.74611e-17,					0.200631,					0,
				-0.200631,					-1.02209e-16,					-0.979667,					0,
				0.256817,					0.0535332,					0.171355,					1
			]
			,"mesh": 23
			,"name": "Hex Bolt-4"		}
,
		{
			"matrix": [
				1.90066e-29,					-1,					1.22465e-16,					0,
				-0.834597,					-6.74611e-17,					-0.550861,					0,
				0.550861,					-1.02209e-16,					-0.834597,					0,
				0.161806,					0.0535332,					0.220159,					1
			]
			,"mesh": 24
			,"name": "Hex Bolt-3"		}
,
		{
			"matrix": [
				1.22465e-16,					-1,					2.71171e-29,					0,
				-0.550861,					-6.74611e-17,					0.834597,					0,
				-0.834597,					-1.02209e-16,					-0.550861,					0,
				0.28949,					0.0535332,					0.0696635,					1
			]
			,"mesh": 25
			,"name": "Hex Bolt-5"		}
,
		{
			"matrix": [
				8.65956e-17,					-1,					-8.65956e-17,					0,
				0.200631,					-6.74611e-17,					0.979667,					0,
				-0.979667,					-1.02209e-16,					0.200631,					0,
				0.240687,					0.0535332,					-0.0253469,					1
			]
			,"mesh": 26
			,"name": "Hex Bolt-6"		}
,
		{
			"matrix": [
				1.7207e-29,					-1,					-1.22465e-16,					0,
				0.834597,					-6.74611e-17,					0.550861,					0,
				-0.550861,					-1.02209e-16,					0.834597,					0,
				0.138995,					0.0535332,					-0.0580202,					1
			]
			,"mesh": 27
			,"name": "Hex Bolt-7"		}
,
		{
			"matrix": [
				-8.65956e-17,					-1,					-8.65956e-17,					0,
				0.979667,					-6.74611e-17,					-0.200631,					0,
				0.200631,					-1.02209e-16,					0.979667,					0,
				0.0439846,					0.0535332,					-0.00921677,					1
			]
			,"mesh": 28
			,"name": "Hex Bolt-8"		}
,
		{
			"matrix": [
				0.963563,					0.267483,					3.826e-16,					0,
				-0.267483,					0.963563,					6.17658e-16,					0,
				-2.03446e-16,					-6.97491e-16,					1,					0,
				0.299283,					0.110664,					0.164915,					1
			]
			,"mesh": 29
			,"name": "Rod Arm-2"		}
,
		{
			"matrix": [
				-8.55469e-17,					1.8982e-30,					-1,					0,
				-1.23165e-16,					1,					1.84889e-30,					0,
				1,					1.23165e-16,					-8.55469e-17,					0,
				0.22091,					0.374858,					0.164915,					1
			]
			,"mesh": 30
			,"name": "Piston-2"		}
,
		{
			"matrix": [
				-0.963563,					-0.267483,					-4.05951e-16,					0,
				1.36882e-16,					1.02458e-15,					-1,					0,
				0.267483,					-0.963563,					-9.50631e-16,					0,
				0.299283,					0.110664,					0.164915,					1
			]
			,"mesh": 31
			,"name": "Rod Cover-2"		}
,
		{
			"matrix": [
				0.267483,					-0.963563,					-9.50631e-16,					0,
				0.963563,					0.267483,					1.34219e-13,					0,
				-1.29074e-13,					-3.68172e-14,					1,					0,
				0.227104,					0.0692175,					0.155266,					1
			]
			,"mesh": 32
			,"name": "Hex Bolt-1"		}
,
		{
			"matrix": [
				0.926951,					0.257319,					0.273038,					0,
				-0.263089,					-0.0730328,					0.962003,					0,
				0.267483,					-0.963563,					-6.6605e-16,					0,
				0.364228,					0.103266,					0.164915,					1
			]
			,"mesh": 33
			,"name": "hexagon nut_is-2"		}
,
		{
			"matrix": [
				-0.379412,					-0.0208214,					-0.924993,					0,
				0.923604,					0.0506856,					-0.379983,					0,
				0.0547956,					-0.998498,					-1.89201e-16,					0,
				0.298817,					0.183949,					0.404915,					1
			]
			,"mesh": 34
			,"name": "hexagon nut_is-3"		}
,
		{
			"matrix": [
				-0.379412,					-0.0208214,					-0.924993,					0,
				0.923604,					0.0506856,					-0.379983,					0,
				0.0547956,					-0.998498,					-1.89201e-16,					0,
				0.177799,					0.177308,					0.404915,					1
			]
			,"mesh": 35
			,"name": "hexagon nut_is-4"		}
,
		{
			"matrix": [
				1.52656e-16,					-1.99192e-19,					1,					0,
				1.27662e-16,					1,					1.99192e-19,					0,
				-1,					1.27662e-16,					1.52656e-16,					0,
				0.22091,					0.479521,					0.404915,					1
			]
			,"mesh": 36
			,"name": "Piston-3"		}
,
		{
			"matrix": [
				0.776367,					0.215518,					0.592289,					0,
				0.267483,					-0.963563,					-9.90426e-16,					0,
				0.570707,					0.158427,					-0.805726,					0,
				0.262103,					0.139309,					0.200776,					1
			]
			,"mesh": 37
			,"name": "Wsher-1"		}
,
		{
			"matrix": [
				0.0547956,					-0.998498,					-7.17388e-17,					0,
				0.923604,					0.0506856,					-0.379983,					0,
				0.379412,					0.0208214,					0.924993,					0,
				0.27644,					0.186597,					0.403603,					1
			]
			,"mesh": 38
			,"name": "Hex Bolt-3"		}
,
		{
			"matrix": [
				-0.998498,					-0.0547956,					2.24642e-17,					0,
				-0.0547956,					0.998498,					-4.57236e-17,					0,
				-1.9925e-17,					-4.68858e-17,					-1,					0,
				0.236965,					0.205091,					0.404915,					1
			]
			,"mesh": 39
			,"name": "Rod Arm-3"		}
,
		{
			"matrix": [
				0.998498,					0.0547956,					1.21266e-15,					0,
				-1.22219e-15,					1.4043e-16,					1,					0,
				0.0547956,					-0.998498,					2.0719e-16,					0,
				0.236965,					0.205091,					0.404915,					1
			]
			,"mesh": 40
			,"name": "Rod Cover-3"		}
,
		{
			"matrix": [
				-0.534195,					0.845361,					1.38778e-17,					0,
				-1.249e-16,					-6.96119e-17,					-1,					0,
				-0.845361,					-0.534195,					1.52656e-16,					0,
				0.22091,					0.497651,					0.499915,					1
			]
			,"mesh": 41
			,"name": "Pin-4"		}
,
		{
			"matrix": [
				-0.923604,					-0.0506856,					0.379983,					0,
				0.0547956,					-0.998498,					-1.89201e-16,					0,
				0.379412,					0.0208214,					0.924993,					0,
				0.12697,					0.236658,					0.413961,					1
			]
			,"mesh": 42
			,"name": "Wsher-2"		}
,
		{
			"matrix": [
				-0.923604,					-0.0506856,					0.379983,					0,
				0.0547956,					-0.998498,					-4.24126e-16,					0,
				0.379412,					0.0208214,					0.924993,					0,
				0.247988,					0.243299,					0.413961,					1
			]
			,"mesh": 43
			,"name": "Wsher-3"		}
,
		{
			"matrix": [
				0.0547956,					-0.998498,					-7.17388e-17,					0,
				0.923604,					0.0506856,					-0.379983,					0,
				0.379412,					0.0208214,					0.924993,					0,
				0.155422,					0.179956,					0.403603,					1
			]
			,"mesh": 44
			,"name": "Hex Bolt-2"		}
,
		{
			"matrix": [
				0.267483,					-0.963563,					-6.17658e-16,					0,
				0.963563,					0.267483,					1.34247e-13,					0,
				-1.2919e-13,					-3.65038e-14,					1,					0,
				0.343888,					0.101636,					0.155266,					1
			]
			,"mesh": 45
			,"name": "Hex Bolt-4"		}
,
		{
			"matrix": [
				-0.961518,					-0.266915,					0.0651195,					0,
				-0.267483,					0.963563,					6.27513e-16,					0,
				-0.0627467,					-0.0174183,					-0.997877,					0,
				0.314321,					0.108668,					0.177662,					1
			]
			,"mesh": 46
			,"name": "Wsher-4"		}
,
		{
			"matrix": [
				0.707107,					0.707107,					-0,					0,
				0,					-0,					-1,					0,
				-0.707107,					0.707107,					-0,					0,
				7.1,					7.1,					0,					1
			]
			,"extensions" : {
				"KHR_lights_punctual" : {
					"light" : 0
				}
			}
			,"name": "LightNode_Directional1"		}
,
		{
			"matrix": [
				0.612516,					-0.341403,					0,					0,
				0.243396,					0.436681,					-0.491732,					0,
				0.341403,					0.612516,					0.712929,					0,
				-3.4,					6.1,					-7.1,					1
			]
			,"extensions" : {
				"KHR_lights_punctual" : {
					"light" : 1
				}
			}
			,"name": "LightNode_Directional2"		}
,
		{
			"matrix": [
				0.340956,					-0.922587,					0,					0,
				0.166533,					0.0615447,					-0.967418,					0,
				0.922587,					0.340956,					0.180506,					0,
				-9.2,					3.4,					-1.8,					1
			]
			,"extensions" : {
				"KHR_lights_punctual" : {
					"light" : 2
				}
			}
			,"name": "LightNode_Directional3"		}
	],
	"cameras": [
		{
			"type": "orthographic",
			"orthographic" : {
				"xmag": 1,
				"ymag" : 1,
				"zfar" : 100,
				"znear" : 0.01
			}
		}
,
		{
			"type": "orthographic",
			"orthographic" : {
				"xmag": 1,
				"ymag" : 1,
				"zfar" : 100,
				"znear" : 0.01
			}
		}
,
		{
			"type": "orthographic",
			"orthographic" : {
				"xmag": 1,
				"ymag" : 1,
				"zfar" : 100,
				"znear" : 0.01
			}
		}
,
		{
			"type": "orthographic",
			"orthographic" : {
				"xmag": 1,
				"ymag" : 1,
				"zfar" : 100,
				"znear" : 0.01
			}
		}
,
		{
			"type": "orthographic",
			"orthographic" : {
				"xmag": 1,
				"ymag" : 1,
				"zfar" : 100,
				"znear" : 0.01
			}
		}
,
		{
			"type": "orthographic",
			"orthographic" : {
				"xmag": 1,
				"ymag" : 1,
				"zfar" : 100,
				"znear" : 0.01
			}
		}
,
		{
			"type": "orthographic",
			"orthographic" : {
				"xmag": 1,
				"ymag" : 1,
				"zfar" : 100,
				"znear" : 0.01
			}
		}
,
		{
			"type": "orthographic",
			"orthographic" : {
				"xmag": 1,
				"ymag" : 1,
				"zfar" : 100,
				"znear" : 0.01
			}
		}
,
		{
			"type": "orthographic",
			"orthographic" : {
				"xmag": 1,
				"ymag" : 1,
				"zfar" : 100,
				"znear" : 0.01
			}
		}
,
		{
			"type": "orthographic",
			"orthographic" : {
				"xmag": 1,
				"ymag" : 1,
				"zfar" : 100,
				"znear" : 0.01
			}
		}
,
		{
			"type": "orthographic",
			"orthographic" : {
				"xmag": 1,
				"ymag" : 1,
				"zfar" : 100,
				"znear" : 0.01
			}
		}
	],
	"extensions": {
		"KHR_lights_punctual" : {
			"lights": [
				{
					"color" : [
						0.4,
						0.4,
						0.4
					],
					"type" : "directional"
				},
				{
					"color" : [
						0.1,
						0.1,
						0.1
					],
					"type" : "directional"
				},
				{
					"color" : [
						0.2,
						0.2,
						0.2
					],
					"type" : "directional"
				}
			]
		}
	},
	"meshes" : [
		{
			"primitives" : [
				{
					"attributes" : {
					"POSITION" : 1,
					"NORMAL" : 2,
					"TEXCOORD_0" : 3
					},
					"indices" : 0,
					"mode": 4,
					"material" : 1
					,"extensions": {
					"KHR_draco_mesh_compression": {
					"bufferView": 0,
					"attributes" : {
					"POSITION": 0,
					"NORMAL" : 1,
					"TEXCOORD_0" : 2
					}
					}
					}
				}
			]
		},
		{
			"primitives" : [
				{
					"attributes" : {
					"POSITION" : 5,
					"NORMAL" : 6,
					"TEXCOORD_0" : 7
					},
					"indices" : 4,
					"mode": 4,
					"material" : 2
					,"extensions": {
					"KHR_draco_mesh_compression": {
					"bufferView": 1,
					"attributes" : {
					"POSITION": 0,
					"NORMAL" : 1,
					"TEXCOORD_0" : 2
					}
					}
					}
				}
			]
		},
		{
			"primitives" : [
				{
					"attributes" : {
					"POSITION" : 9,
					"NORMAL" : 10,
					"TEXCOORD_0" : 11
					},
					"indices" : 8,
					"mode": 4,
					"material" : 3
					,"extensions": {
					"KHR_draco_mesh_compression": {
					"bufferView": 2,
					"attributes" : {
					"POSITION": 0,
					"NORMAL" : 1,
					"TEXCOORD_0" : 2
					}
					}
					}
				}
			]
		},
		{
			"primitives" : [
				{
					"attributes" : {
					"POSITION" : 13,
					"NORMAL" : 14,
					"TEXCOORD_0" : 15
					},
					"indices" : 12,
					"mode": 4,
					"material" : 0
					,"extensions": {
					"KHR_draco_mesh_compression": {
					"bufferView": 3,
					"attributes" : {
					"POSITION": 0,
					"NORMAL" : 1,
					"TEXCOORD_0" : 2
					}
					}
					}
				}
			]
		},
		{
			"primitives" : [
				{
					"attributes" : {
					"POSITION" : 17,
					"NORMAL" : 18,
					"TEXCOORD_0" : 19
					},
					"indices" : 16,
					"mode": 4,
					"material" : 0
					,"extensions": {
					"KHR_draco_mesh_compression": {
					"bufferView": 4,
					"attributes" : {
					"POSITION": 0,
					"NORMAL" : 1,
					"TEXCOORD_0" : 2
					}
					}
					}
				}
			]
		},
		{
			"primitives" : [
				{
					"attributes" : {
					"POSITION" : 21,
					"NORMAL" : 22,
					"TEXCOORD_0" : 23
					},
					"indices" : 20,
					"mode": 4,
					"material" : 0
					,"extensions": {
					"KHR_draco_mesh_compression": {
					"bufferView": 5,
					"attributes" : {
					"POSITION": 0,
					"NORMAL" : 1,
					"TEXCOORD_0" : 2
					}
					}
					}
				}
			]
		},
		{
			"primitives" : [
				{
					"attributes" : {
					"POSITION" : 25,
					"NORMAL" : 26,
					"TEXCOORD_0" : 27
					},
					"indices" : 24,
					"mode": 4,
					"material" : 0
					,"extensions": {
					"KHR_draco_mesh_compression": {
					"bufferView": 6,
					"attributes" : {
					"POSITION": 0,
					"NORMAL" : 1,
					"TEXCOORD_0" : 2
					}
					}
					}
				}
			]
		},
		{
			"primitives" : [
				{
					"attributes" : {
					"POSITION" : 29,
					"NORMAL" : 30,
					"TEXCOORD_0" : 31
					},
					"indices" : 28,
					"mode": 4,
					"material" : 0
					,"extensions": {
					"KHR_draco_mesh_compression": {
					"bufferView": 7,
					"attributes" : {
					"POSITION": 0,
					"NORMAL" : 1,
					"TEXCOORD_0" : 2
					}
					}
					}
				}
			]
		},
		{
			"primitives" : [
				{
					"attributes" : {
					"POSITION" : 33,
					"NORMAL" : 34,
					"TEXCOORD_0" : 35
					},
					"indices" : 32,
					"mode": 4,
					"material" : 0
					,"extensions": {
					"KHR_draco_mesh_compression": {
					"bufferView": 8,
					"attributes" : {
					"POSITION": 0,
					"NORMAL" : 1,
					"TEXCOORD_0" : 2
					}
					}
					}
				}
			]
		},
		{
			"primitives" : [
				{
					"attributes" : {
					"POSITION" : 37,
					"NORMAL" : 38,
					"TEXCOORD_0" : 39
					},
					"indices" : 36,
					"mode": 4,
					"material" : 0
					,"extensions": {
					"KHR_draco_mesh_compression": {
					"bufferView": 9,
					"attributes" : {
					"POSITION": 0,
					"NORMAL" : 1,
					"TEXCOORD_0" : 2
					}
					}
					}
				}
			]
		},
		{
			"primitives" : [
				{
					"attributes" : {
					"POSITION" : 41,
					"NORMAL" : 42,
					"TEXCOORD_0" : 43
					},
					"indices" : 40,
					"mode": 4,
					"material" : 4
					,"extensions": {
					"KHR_draco_mesh_compression": {
					"bufferView": 10,
					"attributes" : {
					"POSITION": 0,
					"NORMAL" : 1,
					"TEXCOORD_0" : 2
					}
					}
					}
				}
			]
		},
		{
			"primitives" : [
				{
					"attributes" : {
					"POSITION" : 45,
					"NORMAL" : 46,
					"TEXCOORD_0" : 47
					},
					"indices" : 44,
					"mode": 4,
					"material" : 0
					,"extensions": {
					"KHR_draco_mesh_compression": {
					"bufferView": 11,
					"attributes" : {
					"POSITION": 0,
					"NORMAL" : 1,
					"TEXCOORD_0" : 2
					}
					}
					}
				}
			]
		},
		{
			"primitives" : [
				{
					"attributes" : {
					"POSITION" : 49,
					"NORMAL" : 50,
					"TEXCOORD_0" : 51
					},
					"indices" : 48,
					"mode": 4,
					"material" : 5
					,"extensions": {
					"KHR_draco_mesh_compression": {
					"bufferView": 12,
					"attributes" : {
					"POSITION": 0,
					"NORMAL" : 1,
					"TEXCOORD_0" : 2
					}
					}
					}
				}
			]
		},
		{
			"primitives" : [
				{
					"attributes" : {
					"POSITION" : 53,
					"NORMAL" : 54,
					"TEXCOORD_0" : 55
					},
					"indices" : 52,
					"mode": 4,
					"material" : 0
					,"extensions": {
					"KHR_draco_mesh_compression": {
					"bufferView": 13,
					"attributes" : {
					"POSITION": 0,
					"NORMAL" : 1,
					"TEXCOORD_0" : 2
					}
					}
					}
				}
			]
		},
		{
			"primitives" : [
				{
					"attributes" : {
					"POSITION" : 57,
					"NORMAL" : 58,
					"TEXCOORD_0" : 59
					},
					"indices" : 56,
					"mode": 4,
					"material" : 2
					,"extensions": {
					"KHR_draco_mesh_compression": {
					"bufferView": 14,
					"attributes" : {
					"POSITION": 0,
					"NORMAL" : 1,
					"TEXCOORD_0" : 2
					}
					}
					}
				}
			]
		},
		{
			"primitives" : [
				{
					"attributes" : {
					"POSITION" : 61,
					"NORMAL" : 62,
					"TEXCOORD_0" : 63
					},
					"indices" : 60,
					"mode": 4,
					"material" : 2
					,"extensions": {
					"KHR_draco_mesh_compression": {
					"bufferView": 15,
					"attributes" : {
					"POSITION": 0,
					"NORMAL" : 1,
					"TEXCOORD_0" : 2
					}
					}
					}
				}
			]
		},
		{
			"primitives" : [
				{
					"attributes" : {
					"POSITION" : 65,
					"NORMAL" : 66,
					"TEXCOORD_0" : 67
					},
					"indices" : 64,
					"mode": 4,
					"material" : 2
					,"extensions": {
					"KHR_draco_mesh_compression": {
					"bufferView": 16,
					"attributes" : {
					"POSITION": 0,
					"NORMAL" : 1,
					"TEXCOORD_0" : 2
					}
					}
					}
				}
			]
		},
		{
			"primitives" : [
				{
					"attributes" : {
					"POSITION" : 69,
					"NORMAL" : 70,
					"TEXCOORD_0" : 71
					},
					"indices" : 68,
					"mode": 4,
					"material" : 2
					,"extensions": {
					"KHR_draco_mesh_compression": {
					"bufferView": 17,
					"attributes" : {
					"POSITION": 0,
					"NORMAL" : 1,
					"TEXCOORD_0" : 2
					}
					}
					}
				}
			]
		},
		{
			"primitives" : [
				{
					"attributes" : {
					"POSITION" : 73,
					"NORMAL" : 74,
					"TEXCOORD_0" : 75
					},
					"indices" : 72,
					"mode": 4,
					"material" : 2
					,"extensions": {
					"KHR_draco_mesh_compression": {
					"bufferView": 18,
					"attributes" : {
					"POSITION": 0,
					"NORMAL" : 1,
					"TEXCOORD_0" : 2
					}
					}
					}
				}
			]
		},
		{
			"primitives" : [
				{
					"attributes" : {
					"POSITION" : 77,
					"NORMAL" : 78,
					"TEXCOORD_0" : 79
					},
					"indices" : 76,
					"mode": 4,
					"material" : 2
					,"extensions": {
					"KHR_draco_mesh_compression": {
					"bufferView": 19,
					"attributes" : {
					"POSITION": 0,
					"NORMAL" : 1,
					"TEXCOORD_0" : 2
					}
					}
					}
				}
			]
		},
		{
			"primitives" : [
				{
					"attributes" : {
					"POSITION" : 81,
					"NORMAL" : 82,
					"TEXCOORD_0" : 83
					},
					"indices" : 80,
					"mode": 4,
					"material" : 2
					,"extensions": {
					"KHR_draco_mesh_compression": {
					"bufferView": 20,
					"attributes" : {
					"POSITION": 0,
					"NORMAL" : 1,
					"TEXCOORD_0" : 2
					}
					}
					}
				}
			]
		},
		{
			"primitives" : [
				{
					"attributes" : {
					"POSITION" : 85,
					"NORMAL" : 86,
					"TEXCOORD_0" : 87
					},
					"indices" : 84,
					"mode": 4,
					"material" : 2
					,"extensions": {
					"KHR_draco_mesh_compression": {
					"bufferView": 21,
					"attributes" : {
					"POSITION": 0,
					"NORMAL" : 1,
					"TEXCOORD_0" : 2
					}
					}
					}
				}
			]
		},
		{
			"primitives" : [
				{
					"attributes" : {
					"POSITION" : 89,
					"NORMAL" : 90,
					"TEXCOORD_0" : 91
					},
					"indices" : 88,
					"mode": 4,
					"material" : 0
					,"extensions": {
					"KHR_draco_mesh_compression": {
					"bufferView": 22,
					"attributes" : {
					"POSITION": 0,
					"NORMAL" : 1,
					"TEXCOORD_0" : 2
					}
					}
					}
				}
			]
		},
		{
			"primitives" : [
				{
					"attributes" : {
					"POSITION" : 93,
					"NORMAL" : 94,
					"TEXCOORD_0" : 95
					},
					"indices" : 92,
					"mode": 4,
					"material" : 0
					,"extensions": {
					"KHR_draco_mesh_compression": {
					"bufferView": 23,
					"attributes" : {
					"POSITION": 0,
					"NORMAL" : 1,
					"TEXCOORD_0" : 2
					}
					}
					}
				}
			]
		},
		{
			"primitives" : [
				{
					"attributes" : {
					"POSITION" : 97,
					"NORMAL" : 98,
					"TEXCOORD_0" : 99
					},
					"indices" : 96,
					"mode": 4,
					"material" : 0
					,"extensions": {
					"KHR_draco_mesh_compression": {
					"bufferView": 24,
					"attributes" : {
					"POSITION": 0,
					"NORMAL" : 1,
					"TEXCOORD_0" : 2
					}
					}
					}
				}
			]
		},
		{
			"primitives" : [
				{
					"attributes" : {
					"POSITION" : 101,
					"NORMAL" : 102,
					"TEXCOORD_0" : 103
					},
					"indices" : 100,
					"mode": 4,
					"material" : 0
					,"extensions": {
					"KHR_draco_mesh_compression": {
					"bufferView": 25,
					"attributes" : {
					"POSITION": 0,
					"NORMAL" : 1,
					"TEXCOORD_0" : 2
					}
					}
					}
				}
			]
		},
		{
			"primitives" : [
				{
					"attributes" : {
					"POSITION" : 105,
					"NORMAL" : 106,
					"TEXCOORD_0" : 107
					},
					"indices" : 104,
					"mode": 4,
					"material" : 0
					,"extensions": {
					"KHR_draco_mesh_compression": {
					"bufferView": 26,
					"attributes" : {
					"POSITION": 0,
					"NORMAL" : 1,
					"TEXCOORD_0" : 2
					}
					}
					}
				}
			]
		},
		{
			"primitives" : [
				{
					"attributes" : {
					"POSITION" : 109,
					"NORMAL" : 110,
					"TEXCOORD_0" : 111
					},
					"indices" : 108,
					"mode": 4,
					"material" : 0
					,"extensions": {
					"KHR_draco_mesh_compression": {
					"bufferView": 27,
					"attributes" : {
					"POSITION": 0,
					"NORMAL" : 1,
					"TEXCOORD_0" : 2
					}
					}
					}
				}
			]
		},
		{
			"primitives" : [
				{
					"attributes" : {
					"POSITION" : 113,
					"NORMAL" : 114,
					"TEXCOORD_0" : 115
					},
					"indices" : 112,
					"mode": 4,
					"material" : 0
					,"extensions": {
					"KHR_draco_mesh_compression": {
					"bufferView": 28,
					"attributes" : {
					"POSITION": 0,
					"NORMAL" : 1,
					"TEXCOORD_0" : 2
					}
					}
					}
				}
			]
		},
		{
			"primitives" : [
				{
					"attributes" : {
					"POSITION" : 117,
					"NORMAL" : 118,
					"TEXCOORD_0" : 119
					},
					"indices" : 116,
					"mode": 4,
					"material" : 6
					,"extensions": {
					"KHR_draco_mesh_compression": {
					"bufferView": 29,
					"attributes" : {
					"POSITION": 0,
					"NORMAL" : 1,
					"TEXCOORD_0" : 2
					}
					}
					}
				}
			]
		},
		{
			"primitives" : [
				{
					"attributes" : {
					"POSITION" : 121,
					"NORMAL" : 122,
					"TEXCOORD_0" : 123
					},
					"indices" : 120,
					"mode": 4,
					"material" : 7
					,"extensions": {
					"KHR_draco_mesh_compression": {
					"bufferView": 30,
					"attributes" : {
					"POSITION": 0,
					"NORMAL" : 1,
					"TEXCOORD_0" : 2
					}
					}
					}
				}
			]
		},
		{
			"primitives" : [
				{
					"attributes" : {
					"POSITION" : 125,
					"NORMAL" : 126,
					"TEXCOORD_0" : 127
					},
					"indices" : 124,
					"mode": 4,
					"material" : 8
					,"extensions": {
					"KHR_draco_mesh_compression": {
					"bufferView": 31,
					"attributes" : {
					"POSITION": 0,
					"NORMAL" : 1,
					"TEXCOORD_0" : 2
					}
					}
					}
				}
			]
		},
		{
			"primitives" : [
				{
					"attributes" : {
					"POSITION" : 129,
					"NORMAL" : 130,
					"TEXCOORD_0" : 131
					},
					"indices" : 128,
					"mode": 4,
					"material" : 0
					,"extensions": {
					"KHR_draco_mesh_compression": {
					"bufferView": 32,
					"attributes" : {
					"POSITION": 0,
					"NORMAL" : 1,
					"TEXCOORD_0" : 2
					}
					}
					}
				}
			]
		},
		{
			"primitives" : [
				{
					"attributes" : {
					"POSITION" : 133,
					"NORMAL" : 134,
					"TEXCOORD_0" : 135
					},
					"indices" : 132,
					"mode": 4,
					"material" : 2
					,"extensions": {
					"KHR_draco_mesh_compression": {
					"bufferView": 33,
					"attributes" : {
					"POSITION": 0,
					"NORMAL" : 1,
					"TEXCOORD_0" : 2
					}
					}
					}
				}
			]
		},
		{
			"primitives" : [
				{
					"attributes" : {
					"POSITION" : 137,
					"NORMAL" : 138,
					"TEXCOORD_0" : 139
					},
					"indices" : 136,
					"mode": 4,
					"material" : 2
					,"extensions": {
					"KHR_draco_mesh_compression": {
					"bufferView": 34,
					"attributes" : {
					"POSITION": 0,
					"NORMAL" : 1,
					"TEXCOORD_0" : 2
					}
					}
					}
				}
			]
		},
		{
			"primitives" : [
				{
					"attributes" : {
					"POSITION" : 141,
					"NORMAL" : 142,
					"TEXCOORD_0" : 143
					},
					"indices" : 140,
					"mode": 4,
					"material" : 2
					,"extensions": {
					"KHR_draco_mesh_compression": {
					"bufferView": 35,
					"attributes" : {
					"POSITION": 0,
					"NORMAL" : 1,
					"TEXCOORD_0" : 2
					}
					}
					}
				}
			]
		},
		{
			"primitives" : [
				{
					"attributes" : {
					"POSITION" : 145,
					"NORMAL" : 146,
					"TEXCOORD_0" : 147
					},
					"indices" : 144,
					"mode": 4,
					"material" : 7
					,"extensions": {
					"KHR_draco_mesh_compression": {
					"bufferView": 36,
					"attributes" : {
					"POSITION": 0,
					"NORMAL" : 1,
					"TEXCOORD_0" : 2
					}
					}
					}
				}
			]
		},
		{
			"primitives" : [
				{
					"attributes" : {
					"POSITION" : 149,
					"NORMAL" : 150,
					"TEXCOORD_0" : 151
					},
					"indices" : 148,
					"mode": 4,
					"material" : 0
					,"extensions": {
					"KHR_draco_mesh_compression": {
					"bufferView": 37,
					"attributes" : {
					"POSITION": 0,
					"NORMAL" : 1,
					"TEXCOORD_0" : 2
					}
					}
					}
				}
			]
		},
		{
			"primitives" : [
				{
					"attributes" : {
					"POSITION" : 153,
					"NORMAL" : 154,
					"TEXCOORD_0" : 155
					},
					"indices" : 152,
					"mode": 4,
					"material" : 0
					,"extensions": {
					"KHR_draco_mesh_compression": {
					"bufferView": 38,
					"attributes" : {
					"POSITION": 0,
					"NORMAL" : 1,
					"TEXCOORD_0" : 2
					}
					}
					}
				}
			]
		},
		{
			"primitives" : [
				{
					"attributes" : {
					"POSITION" : 157,
					"NORMAL" : 158,
					"TEXCOORD_0" : 159
					},
					"indices" : 156,
					"mode": 4,
					"material" : 6
					,"extensions": {
					"KHR_draco_mesh_compression": {
					"bufferView": 39,
					"attributes" : {
					"POSITION": 0,
					"NORMAL" : 1,
					"TEXCOORD_0" : 2
					}
					}
					}
				}
			]
		},
		{
			"primitives" : [
				{
					"attributes" : {
					"POSITION" : 161,
					"NORMAL" : 162,
					"TEXCOORD_0" : 163
					},
					"indices" : 160,
					"mode": 4,
					"material" : 8
					,"extensions": {
					"KHR_draco_mesh_compression": {
					"bufferView": 40,
					"attributes" : {
					"POSITION": 0,
					"NORMAL" : 1,
					"TEXCOORD_0" : 2
					}
					}
					}
				}
			]
		},
		{
			"primitives" : [
				{
					"attributes" : {
					"POSITION" : 165,
					"NORMAL" : 166,
					"TEXCOORD_0" : 167
					},
					"indices" : 164,
					"mode": 4,
					"material" : 1
					,"extensions": {
					"KHR_draco_mesh_compression": {
					"bufferView": 41,
					"attributes" : {
					"POSITION": 0,
					"NORMAL" : 1,
					"TEXCOORD_0" : 2
					}
					}
					}
				}
			]
		},
		{
			"primitives" : [
				{
					"attributes" : {
					"POSITION" : 169,
					"NORMAL" : 170,
					"TEXCOORD_0" : 171
					},
					"indices" : 168,
					"mode": 4,
					"material" : 0
					,"extensions": {
					"KHR_draco_mesh_compression": {
					"bufferView": 42,
					"attributes" : {
					"POSITION": 0,
					"NORMAL" : 1,
					"TEXCOORD_0" : 2
					}
					}
					}
				}
			]
		},
		{
			"primitives" : [
				{
					"attributes" : {
					"POSITION" : 173,
					"NORMAL" : 174,
					"TEXCOORD_0" : 175
					},
					"indices" : 172,
					"mode": 4,
					"material" : 0
					,"extensions": {
					"KHR_draco_mesh_compression": {
					"bufferView": 43,
					"attributes" : {
					"POSITION": 0,
					"NORMAL" : 1,
					"TEXCOORD_0" : 2
					}
					}
					}
				}
			]
		},
		{
			"primitives" : [
				{
					"attributes" : {
					"POSITION" : 177,
					"NORMAL" : 178,
					"TEXCOORD_0" : 179
					},
					"indices" : 176,
					"mode": 4,
					"material" : 0
					,"extensions": {
					"KHR_draco_mesh_compression": {
					"bufferView": 44,
					"attributes" : {
					"POSITION": 0,
					"NORMAL" : 1,
					"TEXCOORD_0" : 2
					}
					}
					}
				}
			]
		},
		{
			"primitives" : [
				{
					"attributes" : {
					"POSITION" : 181,
					"NORMAL" : 182,
					"TEXCOORD_0" : 183
					},
					"indices" : 180,
					"mode": 4,
					"material" : 0
					,"extensions": {
					"KHR_draco_mesh_compression": {
					"bufferView": 45,
					"attributes" : {
					"POSITION": 0,
					"NORMAL" : 1,
					"TEXCOORD_0" : 2
					}
					}
					}
				}
			]
		},
		{
			"primitives" : [
				{
					"attributes" : {
					"POSITION" : 185,
					"NORMAL" : 186,
					"TEXCOORD_0" : 187
					},
					"indices" : 184,
					"mode": 4,
					"material" : 0
					,"extensions": {
					"KHR_draco_mesh_compression": {
					"bufferView": 46,
					"attributes" : {
					"POSITION": 0,
					"NORMAL" : 1,
					"TEXCOORD_0" : 2
					}
					}
					}
				}
			]
		}
	],
	"accessors" : [
			{
				"componentType" : 5123
				,"count" : 4896
				,"type" : "SCALAR"
			},
			{
				"componentType" : 5126
				,"count" : 928
				,"type" : "VEC3"
				,"min" : [-1.59929730e-02, 0.00000000e+00, -1.59718990e-02]
				,"max" : [1.59929730e-02, 1.89999998e-01, 1.60000008e-02]
			},
			{
				"componentType" : 5126
				,"count" : 928
				,"type" : "VEC3"
			},
			{
				"componentType" : 5126
				,"count" : 928
				,"type" : "VEC2"
			},
			{
				"componentType" : 5123
				,"count" : 3300
				,"type" : "SCALAR"
			},
			{
				"componentType" : 5126
				,"count" : 1136
				,"type" : "VEC3"
				,"min" : [-8.00000038e-03, -9.23760422e-03, -9.49999969e-03]
				,"max" : [8.00000038e-03, 9.23760422e-03, 8.67361738e-18]
			},
			{
				"componentType" : 5126
				,"count" : 1136
				,"type" : "VEC3"
			},
			{
				"componentType" : 5126
				,"count" : 1136
				,"type" : "VEC2"
			},
			{
				"componentType" : 5123
				,"count" : 20772
				,"type" : "SCALAR"
			},
			{
				"componentType" : 5126
				,"count" : 5272
				,"type" : "VEC3"
				,"min" : [-1.40000001e-01, -1.59999996e-01, -5.49999997e-02]
				,"max" : [3.59416723e-01, 4.40400004e-01, 5.45000017e-01]
			},
			{
				"componentType" : 5126
				,"count" : 5272
				,"type" : "VEC3"
			},
			{
				"componentType" : 5126
				,"count" : 5272
				,"type" : "VEC2"
			},
			{
				"componentType" : 5123
				,"count" : 1104
				,"type" : "SCALAR"
			},
			{
				"componentType" : 5126
				,"count" : 368
				,"type" : "VEC3"
				,"min" : [-5.58712743e-02, 2.09459532e-02, 1.19668629e-03]
				,"max" : [1.17549435e-38, 2.25459523e-02, 1.81817580e-02]
			},
			{
				"componentType" : 5126
				,"count" : 368
				,"type" : "VEC3"
			},
			{
				"componentType" : 5126
				,"count" : 368
				,"type" : "VEC2"
			},
			{
				"componentType" : 5123
				,"count" : 1104
				,"type" : "SCALAR"
			},
			{
				"componentType" : 5126
				,"count" : 368
				,"type" : "VEC3"
				,"min" : [-5.58712743e-02, 2.09459532e-02, 1.19668629e-03]
				,"max" : [1.17549435e-38, 2.25459523e-02, 1.81817580e-02]
			},
			{
				"componentType" : 5126
				,"count" : 368
				,"type" : "VEC3"
			},
			{
				"componentType" : 5126
				,"count" : 368
				,"type" : "VEC2"
			},
			{
				"componentType" : 5123
				,"count" : 1104
				,"type" : "SCALAR"
			},
			{
				"componentType" : 5126
				,"count" : 368
				,"type" : "VEC3"
				,"min" : [-5.58712743e-02, 2.09459532e-02, 1.19668629e-03]
				,"max" : [1.17549435e-38, 2.25459523e-02, 1.81817580e-02]
			},
			{
				"componentType" : 5126
				,"count" : 368
				,"type" : "VEC3"
			},
			{
				"componentType" : 5126
				,"count" : 368
				,"type" : "VEC2"
			},
			{
				"componentType" : 5123
				,"count" : 1104
				,"type" : "SCALAR"
			},
			{
				"componentType" : 5126
				,"count" : 368
				,"type" : "VEC3"
				,"min" : [-5.58712743e-02, 2.09459532e-02, 1.19668629e-03]
				,"max" : [1.17549435e-38, 2.25459523e-02, 1.81817580e-02]
			},
			{
				"componentType" : 5126
				,"count" : 368
				,"type" : "VEC3"
			},
			{
				"componentType" : 5126
				,"count" : 368
				,"type" : "VEC2"
			},
			{
				"componentType" : 5123
				,"count" : 1104
				,"type" : "SCALAR"
			},
			{
				"componentType" : 5126
				,"count" : 368
